              1           21             202             31              208              26             0 
             2            25             235             31             359               44             7 
             3            29             243             31             567               70             7 
             4            33             251             31             807              100             7 
             5            37             259             31             1 079            134             7 
             6            41             267             31             1 383            172             7 
             7            45             390             67             1 568            196             0 
             8            49             398             67             1 936            242             0 
             9            53             406             67             2 336            292             0 
             10           57             414             67             2 768            346             0 
             11           61             422             67             3 232            404             0 
             12           65             430             67             3 728            466             0 
             13           69             438             67             4 256            532             0 
             14           73             611             67             4 651            581             3 
             15           77             619             67             5 243            655             3 
             16           81             627             67             5 867            733             3 
             17           85             635             67             6 523            815             3 
             18           89             643             67             7 211            901             3 
             19           93             651             67             7 931            991             3 
             20           97             659             67            8 683            1 085            3 
             21          101             882             67            9 252            1 156            4 
             22          105             890             67            10 068           1 258            4 
             23          109             898             67            10 916           1 364            4 
             24          113             906             67            11 796           1 474            4 
             25          117             914             67            12 708           1 588            4 
             26          121             922             67            13 652           1 706            4 
             27          125             930             67            14 628           1 828            4 
             28          129          1 203              67            15 371           1 921            3 
             29          133          1 211              67            16 411           2 051            3 
             30          137          1 219              67            17 483           2 185            3 
             31          141          1 227              67            18 587           2 323            3 
             32          145          1 235              67            19 723           2 465            3 
             33          149          1 243              67            20 891           2 611            3 
             34          153          1 251              67            22 091           2 761            3 
             35          157          1 574              67            23 008           2 876            0 
             36          161          1 582              67            24 272           3 034            0 
             37          165          1 590              67            25 568           3 196            0 
             38          169          1 598              67            26 896           3 362            0 
             39          173          1 606              67            28 256           3 532            0 
             40          177          1 614              67            29 648           3 706            0 