1        L            19          152        41         25           17        10 
                    M            16          128        34         20           14        8 
                    Q            13          104        27         16           11        7 
                    H            9           72         17         10           7         4 
           2        L            34          272        77         47           32        20 
                    M            28          224        63         38           26        16 
                    Q            22          176        48         29           20        12 
                    H            16          128        34         20           14        8 
           3        L            55          440        127        77           53        32 
                    M            44          352        101        61           42        26 
                    Q            34          272        77         47           32        20 
                    H            26          208        58         35           24        15 
           4        L            80          640        187        114          78        48 
                    M            64          512        149        90           62        38 
                    Q            48          384        111        67           46        28 
                    H            36          288        82         50           34        21 
           5        L           108          864        255        154        106         65 
                    M            86          688        202        122          84        52 
                    Q            62          496        144        87           60        37 
                    H            46          368        106        64           44        27 
           6        L           136        1 088        322        195        134         82 
                    M           108          864        255        154        106         65 
                    Q            76          608        178        108          74        45 
                    H            60          480        139        84           58        36 
           7        L           156        1 248        370        224        154         95 
                    M           124          992        293        178        122         75 
                    Q            88          704        207        125          86        53 
                    H            66          528        154        93           64        39 
           8        L           194        1 552        461        279        192        118 
                    M           154        1 232        365        221        152         93 
                    Q           110          880        259        157        108         66 
                    H            86          688        202        122          84        52 
           9        L            232         1 856      552         335         230        141 
                    M            182         1 456      432         262         180        111 
                    Q            132         1 056      312         189         130       80 
                    H            100        800         235         143         98        60 
          10        L            274         2 192      652         395         271        167 
                    M            216         1 728      513         311         213        131 
                    Q            154         1 232      364         221         151       93 
                    H            122        976         288         174         119       74 

                    L            324         2 592      772         468         321        198 
                    M            254         2 032      604         366         251        155 
          11 
                    Q            180         1 440      427         259         177        109 
                    H            140         1 120      331         200         137       85 

                    L            370         2 960      883         535         367        226 
                    M            290         2 320      691         419         287        177 
          12 
                    Q            206         1 648      489         296         203        125 
                    H            158         1 264      374         227         155       96 

                    L            428         3 424    1 022         619         425        262 
                    M            334         2 672      796         483         331        204 
          13 
                    Q            244         1 952      580         352         241        149 
                    H            180         1 440      427         259         177        109 

                    L            461         3 688    1 101         667         458        282 
                    M            365         2 920      871         528         362        223 
          14 
                    Q            261         2 088      621         376         258        159 
                    H            197         1 576      468         283         194        120 

                    L            523         4 184    1 250         758         520        320 
                    M            415         3 320      991         600         412        254 
          15 
                    Q            295         2 360      703         426         292        180 
                    H            223         1 784      530         321         220        136 

                    L            589         4 712    1 408         854         586        361 
                    M            453         3 624    1 082         656         450        277 
          16 
                    Q            325         2 600      775         470         322        198 
                    H            253         2 024      602         365         250        154 
                     L           647         5 176     1 548        938          644       397 
                    M            507         4 056     1 212        734          504       310 
          17 
                    Q            367         2 936     876          531          364       224 
                    H            283         2 264     674          408          280       173 

                     L           721         5 768     1 725      1 046          718       442 
                    M            563         4 504     1 346        816          560       345 
          18 
                    Q            397         3 176     948          574          394       243 
                    H            313         2 504     746          452          310       191 

                     L           795         6 360     1 903      1 153          792       488 
                    M            627         5 016     1 500        909          624       384 
          19 
                    Q            445         3 560     1 063        644          442       272 
                    H            341         2 728     813          493          338       208 

                     L           861         6 888     2 061      1 249          858       528 
                    M            669         5 352     1 600        970          666       410 
          20 
                    Q            485         3 880     1 159        702          482       297 
                    H            385         3 080     919          557          382       235 

                     L           932         7 456     2 232      1 352          929       572 
                    M            714         5 712     1 708      1 035          711       438 
          21 
                    Q            512         4 096     1 224        742          509       314 
                    H            406         3 248     969          587          403       248 

                     L         1 006         8 048     2 409      1 460        1 003       618 
                    M            782         6 256     1 872      1 134          779       480 
          22 
                    Q            568         4 544     1 358        823          565       348 
                    H            442         3 536     1 056        640          439       270 

                     L         1 094         8 752     2 620      1 588        1 091       672 
                    M            860         6 880     2 059      1 248          857       528 
          23 
                    Q            614         4 912     1 468        890          611       376 
                    H            464         3 712     1 108        672          461       284 

                     L         1 174         9 392     2 812      1 704        1 171       721 
                    M            914         7 312     2 188      1 326          911       561 
          24 
                    Q            664         5 312     1 588        963          661       407 
                    H            514         4 112     1 228        744          511       315 
                     L           1 276      10 208      3 057       1 853        1 273      784 
                     M           1 000       8 000      2 395       1 451         997       614 
          25 
                     Q           718         5 744      1 718       1 041         715       440 
                     H           538         4 304      1 286       779           535       330 

                     L           1 370      10 960      3 283       1 990        1 367      842 
                     M           1 062       8 496      2 544       1 542        1 059      652 
          26 
                     Q           754         6 032      1 804       1 094         751       462 
                     H           596         4 768      1 425       864           593       365 

                     L           1 468      11 744      3 517       2 132        1 465      902 
                     M           1 128       9 024      2 701       1 637        1 125      692 
          27 
                     Q           808         6 464      1 933       1 172         805       496 
                     H           628         5 024      1 501       910           625       385 

                     L           1 531      12 248      3 669       2 223        1 528      940 
                     M           1 193       9 544      2 857       1 732        1 190      732 
          28 
                     Q           871         6 968      2 085       1 263         868       534 
                     H           661         5 288      1 581       958           658       405 

                     L           1 631      13 048      3 909       2 369        1 628    1 002 
                     M           1 267      10 136      3 035       1 839        1 264      778 
          29 
                     Q           911         7 288      2 181       1 322         908       559 
                     H           701         5 608      1 677       1 016         698       430 

                     L           1 735      13 880      4 158       2 520        1 732    1 066 
                     M           1 373      10 984      3 289       1 994        1 370      843 
          30 
                     Q           985         7 880      2 358       1 429         982       604 
                     H           745         5 960      1 782       1 080         742       457 

                     L           1 843      14 744      4 417       2 677        1 840    1 132 
                     M           1 455      11 640      3 486       2 113        1 452      894 
          31 
                     Q           1 033       8 264      2 473       1 499        1 030      634 
                     H           793         6 344      1 897       1 150         790       486 

                     L           1 955      15 640      4 686       2 840        1 952    1 201 
                     M           1 541      12 328      3 693       2 238        1 538      947 
          32 
                     Q           1 115       8 920      2 670       1 618        1 112      684 
                     H           845         6 760      2 022       1 226         842       518 
                     L           2 071       16 568     4 965       3 009        2 068      1 273 
                     M           1 631       13 048     3 909       2 369        1 628      1 002 
          33 
                     Q           1 171      9 368       2 805       1 700        1 168       719 
                     H          901         7 208       2 157       1 307        898         553 

                     L           2 191       17 528     5 253       3 183        2 188      1 347 
                     M           1 725       13 800     4 134       2 506        1 722      1 060 
          34 
                     Q           1 231      9 848       2 949       1 787        1 228       756 
                     H          961         7 688       2 301       1 394        958         590 

                     L           2 306       18 448     5 529       3 351        2 303      1 417 
                     M           1 812       14 496     4 343       2 632        1 809      1 113 
          35 
                     Q           1 286       10 288     3 081       1 867        1 283       790 
                     H          986         7 888       2 361       1 431        983         605 

                     L           2 434       19 472     5 836       3 537        2 431      1 496 
                     M           1 914       15 312     4 588       2 780        1 911      1 176 
          36 
                     Q           1 354       10 832     3 244       1 966        1 351       832 
                     H           1 054      8 432       2 524       1 530        1 051       647 

                     L           2 566       20 528     6 153       3 729        2 563      1 577 
                     M           1 992       15 936     4 775       2 894        1 989      1 224 
          37 
                     Q           1 426       11 408     3 417       2 071        1 423       876 
                     H           1 096      8 768       2 625       1 591        1 093       673 

                     L           2 702       21 616     6 479       3 927        2 699      1 661 
                     M           2 102       16 816     5 039       3 054        2 099      1 292 
          38 
                     Q           1 502       12 016     3 599       2 181        1 499       923 
                     H           1 142      9 136       2 735       1 658        1 139       701 

                     L           2 812       22 496     6 743       4 087        2 809      1 729 
                     M           2 216       17 728     5 313       3 220        2 213      1 362 
          39 
                     Q           1 582       12 656     3 791       2 298        1 579       972 
                     H           1 222      9 776       2 927       1 774        1 219       750 

                     L           2 956       23 648     7 089       4 296        2 953      1 817 
                     M           2 334       18 672     5 596       3 391        2 331      1 435 
          40 
                     Q           1 666       13 328     3 993       2 420        1 663      1 024 
                     H           1 276       10 208     3 057       1 852        1 273       784 
