                        7                      00 0111 1100 1001 0100                   07C94 

                        8                      00 1000 0101 1011 1100                   085BC 

                        9                      00 1001 1010 1001 1001                   09A99 

                        10                     00 1010 0100 1101 0011                   0A4D3 

                        11                     00 1011 1011 1111 0110                   0BBF6 

                        12                     00 1100 0111 0110 0010                    0C762 

                        13                     00 1101 1000 0100 0111                    0D847 

                        14                     00 1110 0110 0000 1101                   0E60D 

                        15                     00 1111 1001 0010 1000                    0F928 

                        16                     01 0000 1011 0111 1000                    10B78 

                        17                     01 0001 0100 0101 1101                    1145D 

                        18                     01 0010 1010 0001 0111                    12A17 

                        19                     01 0011 0101 0011 0010                     13532 

                        20                     01 0100 1001 1010 0110                   149A6 

                        21                     01 0101 0110 1000 0011                    15683 

                        22                     01 0110 1000 1100 1001                   168C9 

                        23                     01 0111 0111 1110 1100                   177EC 

                        24                     01 1000 1110 1100 0100                   18EC4 

                        25                     01 1001 0001 1110 0001                   191E1 

                        26                     01 1010 1111 1010 1011                   1AFAB 

                        27                     01 1011 0000 1000 1110                   1B08E 

                        28                     01 1100 1100 0001 1010                   1CC1A 

                        29                     01 1101 0011 0011 1111                   1D33F 

                        30                     01 1110 1101 0111 0101                   1ED75 

                        31                     01 1111 0010 0101 0000                   1F250 

                        32                     10 0000 1001 1101 0101                   209D5 

                        33                     10 0001 0110 1111 0000                   216F0 

                        34                     10 0010 1000 1011 1010                   228BA 

                        35                     10 0011 0111 1001 1111                   2379F 

                        36                     10 0100 1011 0000 1011                   24B0B 

                        37                     10 0101 0100 0010 1110                   2542E 

                        38                     10 0110 1010 0110 0100                   26A64 

                        39                     10 0111 0101 0100 0001                     27541 

                        40                     10 1000 1100 0110 1001                   28C69 
